#Saved Data from the class pulsed_measurement_logic_clone on 10.02.2023 at 18h26m17s.
#
#Parameters:
#===========
#
#Approx. measurement time (s): 6.3086361312866211e+02
#Measurement sweeps: -1
#Number of laser pulses: 600
#Laser ignore indices: []
#alternating: False
#analysis parameters: {'signal_start': 0.0, 'signal_end': 3.7200000000000005e-07, 'method': 'sum'}
#extraction parameters: {'conv_std_dev': 20.0, 'flank_width': 0, 'method': 'conv_deriv'}
#fast counter settings: {'bin_width': 1e-09, 'record_length': 3.5e-06, 'number_of_gates': 600, 'is_gated': True}
#
#Data:
#=====
#Controlled variable(s)	Signal
1.000000000000000e-08	3.427000000000000e+03
2.000000000000000e-08	3.383000000000000e+03
3.000000000000000e-08	3.199000000000000e+03
4.000000000000000e-08	3.052000000000000e+03
5.000000000000000e-08	2.968000000000000e+03
5.999999999999999e-08	3.038000000000000e+03
7.000000000000000e-08	3.430000000000000e+03
8.000000000000000e-08	3.551000000000000e+03
9.000000000000000e-08	3.671000000000000e+03
1.000000000000000e-07	3.619000000000000e+03
1.100000000000000e-07	3.529000000000000e+03
1.200000000000000e-07	3.161000000000000e+03
1.300000000000000e-07	3.004000000000000e+03
1.400000000000000e-07	3.102000000000000e+03
1.500000000000000e-07	3.111000000000000e+03
1.600000000000000e-07	3.360000000000000e+03
1.700000000000000e-07	3.605000000000000e+03
1.800000000000000e-07	3.780000000000000e+03
1.900000000000000e-07	3.758000000000000e+03
2.000000000000000e-07	3.510000000000000e+03
2.100000000000000e-07	3.207000000000000e+03
2.200000000000000e-07	3.126000000000000e+03
2.300000000000000e-07	3.137000000000000e+03
2.400000000000000e-07	2.924000000000000e+03
2.500000000000000e-07	3.456000000000000e+03
2.600000000000000e-07	3.597000000000000e+03
2.700000000000000e-07	3.632000000000000e+03
2.800000000000000e-07	3.776000000000000e+03
2.900000000000000e-07	3.430000000000000e+03
3.000000000000000e-07	3.299000000000000e+03
3.100000000000000e-07	3.025000000000000e+03
3.200000000000000e-07	2.911000000000000e+03
3.300000000000000e-07	3.109000000000000e+03
3.400000000000000e-07	3.345000000000000e+03
3.500000000000000e-07	3.435000000000000e+03
3.600000000000000e-07	3.632000000000000e+03
3.700000000000000e-07	3.604000000000000e+03
3.800000000000000e-07	3.332000000000000e+03
3.900000000000000e-07	3.123000000000000e+03
4.000000000000000e-07	3.129000000000000e+03
4.100000000000000e-07	3.032000000000000e+03
4.200000000000000e-07	3.088000000000000e+03
4.300000000000000e-07	3.347000000000000e+03
4.400000000000000e-07	3.669000000000000e+03
4.500000000000000e-07	3.762000000000000e+03
4.600000000000000e-07	3.560000000000000e+03
4.700000000000000e-07	3.594000000000000e+03
4.800000000000000e-07	3.193000000000000e+03
4.900000000000001e-07	3.015000000000000e+03
5.000000000000000e-07	2.856000000000000e+03
5.100000000000000e-07	3.153000000000000e+03
5.200000000000000e-07	3.369000000000000e+03
5.300000000000000e-07	3.553000000000000e+03
5.400000000000000e-07	3.586000000000000e+03
5.500000000000000e-07	3.606000000000000e+03
5.600000000000000e-07	3.437000000000000e+03
5.700000000000000e-07	3.208000000000000e+03
5.800000000000001e-07	3.041000000000000e+03
5.900000000000001e-07	3.025000000000000e+03
6.000000000000000e-07	3.236000000000000e+03
6.100000000000000e-07	3.158000000000000e+03
6.200000000000000e-07	3.629000000000000e+03
6.300000000000000e-07	3.654000000000000e+03
6.400000000000000e-07	3.641000000000000e+03
6.500000000000000e-07	3.622000000000000e+03
6.600000000000000e-07	3.265000000000000e+03
6.700000000000000e-07	3.117000000000000e+03
6.800000000000001e-07	3.114000000000000e+03
6.900000000000001e-07	3.067000000000000e+03
7.000000000000001e-07	3.285000000000000e+03
7.100000000000000e-07	3.429000000000000e+03
7.200000000000000e-07	3.645000000000000e+03
7.300000000000000e-07	3.655000000000000e+03
7.400000000000000e-07	3.569000000000000e+03
7.500000000000000e-07	3.232000000000000e+03
7.600000000000000e-07	3.301000000000000e+03
7.700000000000000e-07	2.994000000000000e+03
7.800000000000000e-07	3.034000000000000e+03
7.900000000000001e-07	3.202000000000000e+03
8.000000000000001e-07	3.452000000000000e+03
8.100000000000000e-07	3.698000000000000e+03
8.200000000000000e-07	3.706000000000000e+03
8.300000000000000e-07	3.483000000000000e+03
8.400000000000000e-07	3.392000000000000e+03
8.500000000000000e-07	3.044000000000000e+03
8.600000000000000e-07	3.048000000000000e+03
8.700000000000000e-07	3.123000000000000e+03
8.800000000000000e-07	3.270000000000000e+03
8.900000000000001e-07	3.359000000000000e+03
9.000000000000001e-07	3.626000000000000e+03
9.100000000000001e-07	3.622000000000000e+03
9.200000000000000e-07	3.439000000000000e+03
9.300000000000000e-07	3.309000000000000e+03
9.400000000000000e-07	3.046000000000000e+03
9.500000000000000e-07	3.014000000000000e+03
9.599999999999999e-07	2.971000000000000e+03
9.700000000000000e-07	3.060000000000000e+03
9.799999999999999e-07	3.444000000000000e+03
9.899999999999998e-07	3.732000000000000e+03
1.000000000000000e-06	3.751000000000000e+03
1.010000000000000e-06	3.459000000000000e+03
1.020000000000000e-06	3.466000000000000e+03
1.030000000000000e-06	3.197000000000000e+03
1.040000000000000e-06	3.007000000000000e+03
1.050000000000000e-06	3.053000000000000e+03
1.060000000000000e-06	3.088000000000000e+03
1.070000000000000e-06	3.469000000000000e+03
1.080000000000000e-06	3.700000000000000e+03
1.090000000000000e-06	3.748000000000000e+03
1.100000000000000e-06	3.481000000000000e+03
1.110000000000000e-06	3.240000000000000e+03
1.120000000000000e-06	3.118000000000000e+03
1.130000000000000e-06	2.985000000000000e+03
1.140000000000000e-06	3.030000000000000e+03
1.150000000000000e-06	3.313000000000000e+03
1.160000000000000e-06	3.519000000000000e+03
1.170000000000000e-06	3.722000000000000e+03
1.180000000000000e-06	3.936000000000000e+03
1.190000000000000e-06	3.565000000000000e+03
1.200000000000000e-06	3.224000000000000e+03
1.210000000000000e-06	3.150000000000000e+03
1.220000000000000e-06	3.038000000000000e+03
1.230000000000000e-06	2.941000000000000e+03
1.240000000000000e-06	3.156000000000000e+03
1.250000000000000e-06	3.443000000000000e+03
1.260000000000000e-06	3.644000000000000e+03
1.270000000000000e-06	3.816000000000000e+03
1.280000000000000e-06	3.710000000000000e+03
1.290000000000000e-06	3.370000000000000e+03
1.300000000000000e-06	3.126000000000000e+03
1.310000000000000e-06	2.930000000000000e+03
1.320000000000000e-06	3.060000000000000e+03
1.330000000000000e-06	3.221000000000000e+03
1.340000000000000e-06	3.290000000000000e+03
1.350000000000000e-06	3.667000000000000e+03
1.360000000000000e-06	3.657000000000000e+03
1.370000000000000e-06	3.600000000000000e+03
1.380000000000000e-06	3.395000000000000e+03
1.390000000000000e-06	3.225000000000000e+03
1.400000000000000e-06	2.981000000000000e+03
1.410000000000000e-06	2.933000000000000e+03
1.420000000000000e-06	3.320000000000000e+03
1.430000000000000e-06	3.271000000000000e+03
1.440000000000000e-06	3.653000000000000e+03
1.450000000000000e-06	3.723000000000000e+03
1.460000000000000e-06	3.643000000000000e+03
1.470000000000000e-06	3.449000000000000e+03
1.480000000000000e-06	3.244000000000000e+03
1.490000000000000e-06	3.103000000000000e+03
1.500000000000000e-06	3.026000000000000e+03
1.510000000000000e-06	3.007000000000000e+03
1.520000000000000e-06	3.492000000000000e+03
1.530000000000000e-06	3.532000000000000e+03
1.540000000000000e-06	3.636000000000000e+03
1.550000000000000e-06	3.680000000000000e+03
1.560000000000000e-06	3.441000000000000e+03
1.570000000000000e-06	3.318000000000000e+03
1.580000000000000e-06	2.896000000000000e+03
1.590000000000000e-06	3.025000000000000e+03
1.600000000000000e-06	3.045000000000000e+03
1.610000000000000e-06	3.365000000000000e+03
1.620000000000000e-06	3.650000000000000e+03
1.630000000000000e-06	3.576000000000000e+03
1.640000000000000e-06	3.659000000000000e+03
1.650000000000000e-06	3.496000000000000e+03
1.660000000000000e-06	3.193000000000000e+03
1.670000000000000e-06	3.183000000000000e+03
1.680000000000000e-06	2.953000000000000e+03
1.690000000000000e-06	2.923000000000000e+03
1.700000000000000e-06	3.364000000000000e+03
1.710000000000000e-06	3.466000000000000e+03
1.720000000000000e-06	3.775000000000000e+03
1.730000000000000e-06	3.565000000000000e+03
1.740000000000000e-06	3.347000000000000e+03
1.750000000000000e-06	3.257000000000000e+03
1.760000000000000e-06	2.963000000000000e+03
1.770000000000000e-06	3.076000000000000e+03
1.780000000000000e-06	3.127000000000000e+03
1.790000000000000e-06	3.179000000000000e+03
1.800000000000000e-06	3.615000000000000e+03
1.810000000000000e-06	3.743000000000000e+03
1.820000000000000e-06	3.727000000000000e+03
1.830000000000000e-06	3.523000000000000e+03
1.840000000000000e-06	3.240000000000000e+03
1.850000000000000e-06	3.104000000000000e+03
1.860000000000000e-06	2.959000000000000e+03
1.870000000000000e-06	3.038000000000000e+03
1.880000000000000e-06	3.202000000000000e+03
1.890000000000000e-06	3.525000000000000e+03
1.900000000000000e-06	3.524000000000000e+03
1.910000000000000e-06	3.515000000000000e+03
1.920000000000000e-06	3.574000000000000e+03
1.930000000000000e-06	3.306000000000000e+03
1.940000000000000e-06	2.974000000000000e+03
1.950000000000000e-06	3.014000000000000e+03
1.960000000000000e-06	3.022000000000000e+03
1.970000000000000e-06	3.377000000000000e+03
1.980000000000000e-06	3.466000000000000e+03
1.990000000000000e-06	3.699000000000000e+03
2.000000000000000e-06	3.620000000000000e+03
2.010000000000000e-06	3.535000000000000e+03
2.020000000000000e-06	3.153000000000000e+03
2.030000000000000e-06	3.071000000000000e+03
2.040000000000000e-06	3.016000000000000e+03
2.050000000000000e-06	3.042000000000000e+03
2.060000000000000e-06	3.326000000000000e+03
2.070000000000000e-06	3.563000000000000e+03
2.080000000000000e-06	3.606000000000000e+03
2.090000000000000e-06	3.660000000000000e+03
2.100000000000000e-06	3.465000000000000e+03
2.110000000000000e-06	3.464000000000000e+03
2.120000000000000e-06	3.005000000000000e+03
2.130000000000000e-06	3.104000000000000e+03
2.140000000000000e-06	3.094000000000000e+03
2.150000000000000e-06	3.242000000000000e+03
2.160000000000000e-06	3.571000000000000e+03
2.170000000000000e-06	3.774000000000000e+03
2.180000000000000e-06	3.777000000000000e+03
2.190000000000000e-06	3.631000000000000e+03
2.200000000000000e-06	3.288000000000000e+03
2.210000000000000e-06	3.235000000000000e+03
2.220000000000000e-06	3.005000000000000e+03
2.230000000000000e-06	3.127000000000000e+03
2.240000000000000e-06	3.278000000000000e+03
2.250000000000000e-06	3.441000000000000e+03
2.260000000000000e-06	3.688000000000000e+03
2.270000000000000e-06	3.708000000000000e+03
2.280000000000000e-06	3.673000000000000e+03
2.290000000000000e-06	3.440000000000000e+03
2.300000000000000e-06	3.155000000000000e+03
2.310000000000000e-06	3.028000000000000e+03
2.320000000000000e-06	3.062000000000000e+03
2.330000000000000e-06	3.095000000000000e+03
2.340000000000000e-06	3.368000000000000e+03
2.350000000000000e-06	3.541000000000000e+03
2.360000000000000e-06	3.666000000000000e+03
2.370000000000000e-06	3.689000000000000e+03
2.380000000000000e-06	3.357000000000000e+03
2.390000000000000e-06	3.210000000000000e+03
2.400000000000000e-06	3.048000000000000e+03
2.410000000000000e-06	2.930000000000000e+03
2.420000000000000e-06	3.226000000000000e+03
2.430000000000000e-06	3.417000000000000e+03
2.440000000000000e-06	3.576000000000000e+03
2.450000000000000e-06	3.822000000000000e+03
2.460000000000000e-06	3.523000000000000e+03
2.470000000000000e-06	3.354000000000000e+03
2.480000000000000e-06	3.166000000000000e+03
2.490000000000000e-06	3.009000000000000e+03
2.500000000000000e-06	3.123000000000000e+03
2.510000000000000e-06	3.202000000000000e+03
2.520000000000000e-06	3.217000000000000e+03
2.530000000000000e-06	3.520000000000000e+03
2.540000000000000e-06	3.635000000000000e+03
2.550000000000000e-06	3.684000000000000e+03
2.560000000000000e-06	3.520000000000000e+03
2.570000000000000e-06	3.178000000000000e+03
2.580000000000000e-06	2.947000000000000e+03
2.590000000000000e-06	2.919000000000000e+03
2.600000000000000e-06	3.027000000000000e+03
2.610000000000000e-06	3.357000000000000e+03
2.620000000000000e-06	3.570000000000000e+03
2.630000000000000e-06	3.730000000000000e+03
2.640000000000000e-06	3.579000000000000e+03
2.650000000000000e-06	3.448000000000000e+03
2.660000000000000e-06	3.165000000000000e+03
2.670000000000000e-06	3.058000000000000e+03
2.680000000000000e-06	2.999000000000000e+03
2.690000000000000e-06	3.091000000000000e+03
2.700000000000000e-06	3.307000000000000e+03
2.710000000000000e-06	3.524000000000000e+03
2.720000000000000e-06	3.649000000000000e+03
2.730000000000000e-06	3.699000000000000e+03
2.740000000000000e-06	3.506000000000000e+03
2.750000000000000e-06	3.299000000000000e+03
2.760000000000000e-06	3.045000000000000e+03
2.770000000000000e-06	2.957000000000000e+03
2.780000000000000e-06	2.974000000000000e+03
2.790000000000000e-06	3.192000000000000e+03
2.800000000000000e-06	3.379000000000000e+03
2.810000000000000e-06	3.640000000000000e+03
2.820000000000000e-06	3.758000000000000e+03
2.830000000000000e-06	3.634000000000000e+03
2.840000000000000e-06	3.318000000000000e+03
2.850000000000000e-06	3.159000000000000e+03
2.860000000000000e-06	3.016000000000000e+03
2.870000000000000e-06	3.105000000000000e+03
2.880000000000000e-06	3.178000000000000e+03
2.890000000000000e-06	3.501000000000000e+03
2.900000000000000e-06	3.451000000000000e+03
2.910000000000000e-06	3.677000000000000e+03
2.920000000000000e-06	3.513000000000000e+03
2.930000000000000e-06	3.323000000000000e+03
2.940000000000000e-06	3.143000000000000e+03
2.950000000000000e-06	3.164000000000000e+03
2.960000000000000e-06	3.075000000000000e+03
2.970000000000000e-06	3.204000000000000e+03
2.980000000000000e-06	3.588000000000000e+03
2.990000000000000e-06	3.557000000000000e+03
3.000000000000000e-06	3.578000000000000e+03
3.010000000000000e-06	3.633000000000000e+03
3.020000000000000e-06	3.494000000000000e+03
3.030000000000000e-06	3.106000000000000e+03
3.040000000000000e-06	3.105000000000000e+03
3.050000000000000e-06	2.979000000000000e+03
3.060000000000000e-06	3.134000000000000e+03
3.070000000000000e-06	3.349000000000000e+03
3.080000000000000e-06	3.594000000000000e+03
3.090000000000000e-06	3.651000000000000e+03
3.100000000000000e-06	3.483000000000000e+03
3.110000000000000e-06	3.379000000000000e+03
3.120000000000000e-06	3.030000000000000e+03
3.130000000000000e-06	3.084000000000000e+03
3.140000000000000e-06	2.996000000000000e+03
3.150000000000000e-06	3.215000000000000e+03
3.160000000000000e-06	3.355000000000000e+03
3.170000000000000e-06	3.524000000000000e+03
3.180000000000000e-06	3.764000000000000e+03
3.190000000000000e-06	3.562000000000000e+03
3.200000000000000e-06	3.253000000000000e+03
3.210000000000000e-06	3.133000000000000e+03
3.220000000000000e-06	2.918000000000000e+03
3.230000000000000e-06	2.931000000000000e+03
3.240000000000000e-06	3.093000000000000e+03
3.250000000000000e-06	3.352000000000000e+03
3.260000000000000e-06	3.572000000000000e+03
3.270000000000000e-06	3.788000000000000e+03
3.280000000000000e-06	3.693000000000000e+03
3.290000000000000e-06	3.467000000000000e+03
3.300000000000000e-06	3.323000000000000e+03
3.310000000000000e-06	3.057000000000000e+03
3.320000000000000e-06	3.015000000000000e+03
3.330000000000000e-06	3.132000000000000e+03
3.340000000000000e-06	3.363000000000000e+03
3.350000000000000e-06	3.534000000000000e+03
3.360000000000000e-06	3.667000000000000e+03
3.370000000000000e-06	3.680000000000000e+03
3.380000000000000e-06	3.456000000000000e+03
3.390000000000000e-06	3.260000000000000e+03
3.400000000000000e-06	3.033000000000000e+03
3.410000000000000e-06	2.944000000000000e+03
3.420000000000000e-06	3.117000000000000e+03
3.430000000000000e-06	3.228000000000000e+03
3.440000000000000e-06	3.506000000000000e+03
3.450000000000000e-06	3.693000000000000e+03
3.460000000000000e-06	3.846000000000000e+03
3.470000000000000e-06	3.437000000000000e+03
3.480000000000000e-06	3.203000000000000e+03
3.490000000000000e-06	3.058000000000000e+03
3.500000000000000e-06	3.003000000000000e+03
3.510000000000000e-06	2.977000000000000e+03
3.520000000000000e-06	3.245000000000000e+03
3.530000000000000e-06	3.318000000000000e+03
3.540000000000000e-06	3.573000000000000e+03
3.550000000000000e-06	3.833000000000000e+03
3.560000000000000e-06	3.510000000000000e+03
3.570000000000000e-06	3.298000000000000e+03
3.580000000000000e-06	3.085000000000000e+03
3.590000000000000e-06	3.020000000000000e+03
3.600000000000000e-06	3.054000000000000e+03
3.610000000000000e-06	3.301000000000000e+03
3.620000000000000e-06	3.400000000000000e+03
3.630000000000000e-06	3.586000000000000e+03
3.640000000000000e-06	3.688000000000000e+03
3.650000000000000e-06	3.651000000000000e+03
3.660000000000000e-06	3.269000000000000e+03
3.670000000000000e-06	3.146000000000000e+03
3.680000000000000e-06	3.056000000000000e+03
3.690000000000000e-06	3.096000000000000e+03
3.700000000000000e-06	3.215000000000000e+03
3.710000000000000e-06	3.479000000000000e+03
3.720000000000000e-06	3.624000000000000e+03
3.730000000000000e-06	3.625000000000000e+03
3.740000000000000e-06	3.487000000000000e+03
3.750000000000000e-06	3.294000000000000e+03
3.760000000000000e-06	3.166000000000000e+03
3.770000000000000e-06	3.081000000000000e+03
3.780000000000000e-06	3.097000000000000e+03
3.790000000000000e-06	3.163000000000000e+03
3.800000000000000e-06	3.356000000000000e+03
3.810000000000000e-06	3.669000000000000e+03
3.820000000000000e-06	3.559000000000000e+03
3.830000000000000e-06	3.588000000000000e+03
3.840000000000000e-06	3.314000000000000e+03
3.850000000000000e-06	3.155000000000000e+03
3.860000000000000e-06	3.153000000000000e+03
3.870000000000000e-06	3.101000000000000e+03
3.880000000000000e-06	3.101000000000000e+03
3.890000000000000e-06	3.360000000000000e+03
3.900000000000000e-06	3.742000000000000e+03
3.910000000000000e-06	3.433000000000000e+03
3.920000000000000e-06	3.693000000000000e+03
3.930000000000000e-06	3.382000000000000e+03
3.940000000000000e-06	3.098000000000000e+03
3.950000000000000e-06	3.102000000000000e+03
3.960000000000000e-06	3.009000000000000e+03
3.970000000000000e-06	3.251000000000000e+03
3.980000000000000e-06	3.367000000000000e+03
3.990000000000000e-06	3.544000000000000e+03
4.000000000000000e-06	3.604000000000000e+03
4.010000000000000e-06	3.558000000000000e+03
4.020000000000000e-06	3.527000000000000e+03
4.030000000000000e-06	3.196000000000000e+03
4.040000000000000e-06	3.087000000000000e+03
4.050000000000000e-06	2.996000000000000e+03
4.060000000000000e-06	3.076000000000000e+03
4.070000000000000e-06	3.176000000000000e+03
4.080000000000000e-06	3.631000000000000e+03
4.090000000000000e-06	3.733000000000000e+03
4.100000000000000e-06	3.582000000000000e+03
4.110000000000000e-06	3.566000000000000e+03
4.120000000000000e-06	3.443000000000000e+03
4.130000000000000e-06	3.117000000000000e+03
4.140000000000000e-06	3.032000000000000e+03
4.150000000000000e-06	3.011000000000000e+03
4.160000000000000e-06	3.229000000000000e+03
4.170000000000000e-06	3.458000000000000e+03
4.180000000000000e-06	3.735000000000000e+03
4.190000000000000e-06	3.645000000000000e+03
4.200000000000000e-06	3.609000000000000e+03
4.210000000000000e-06	3.268000000000000e+03
4.220000000000000e-06	3.189000000000000e+03
4.230000000000000e-06	2.979000000000000e+03
4.240000000000000e-06	3.042000000000000e+03
4.250000000000000e-06	3.153000000000000e+03
4.260000000000000e-06	3.432000000000000e+03
4.270000000000000e-06	3.566000000000000e+03
4.280000000000000e-06	3.692000000000000e+03
4.290000000000000e-06	3.631000000000000e+03
4.300000000000000e-06	3.301000000000000e+03
4.310000000000000e-06	3.195000000000000e+03
4.320000000000000e-06	3.109000000000000e+03
4.330000000000000e-06	3.084000000000000e+03
4.340000000000000e-06	3.269000000000000e+03
4.350000000000000e-06	3.570000000000000e+03
4.360000000000000e-06	3.674000000000000e+03
4.370000000000000e-06	3.805000000000000e+03
4.380000000000000e-06	3.583000000000000e+03
4.390000000000000e-06	3.467000000000000e+03
4.400000000000000e-06	3.167000000000000e+03
4.410000000000000e-06	2.913000000000000e+03
4.420000000000000e-06	2.947000000000000e+03
4.430000000000000e-06	3.095000000000000e+03
4.440000000000000e-06	3.499000000000000e+03
4.450000000000000e-06	3.545000000000000e+03
4.460000000000000e-06	3.604000000000000e+03
4.470000000000000e-06	3.617000000000000e+03
4.480000000000000e-06	3.425000000000000e+03
4.490000000000000e-06	3.145000000000000e+03
4.500000000000000e-06	2.849000000000000e+03
4.510000000000000e-06	2.922000000000000e+03
4.520000000000000e-06	3.174000000000000e+03
4.530000000000000e-06	3.386000000000000e+03
4.540000000000000e-06	3.521000000000000e+03
4.550000000000000e-06	3.638000000000000e+03
4.560000000000000e-06	3.442000000000000e+03
4.570000000000000e-06	3.641000000000000e+03
4.580000000000000e-06	3.378000000000000e+03
4.590000000000000e-06	3.163000000000000e+03
4.600000000000000e-06	3.081000000000000e+03
4.610000000000000e-06	3.199000000000000e+03
4.620000000000000e-06	3.421000000000000e+03
4.630000000000000e-06	3.550000000000000e+03
4.640000000000000e-06	3.592000000000000e+03
4.650000000000000e-06	3.619000000000000e+03
4.660000000000000e-06	3.456000000000000e+03
4.670000000000000e-06	3.324000000000000e+03
4.680000000000000e-06	3.040000000000000e+03
4.690000000000000e-06	3.092000000000000e+03
4.700000000000000e-06	3.098000000000000e+03
4.710000000000000e-06	3.261000000000000e+03
4.720000000000000e-06	3.421000000000000e+03
4.730000000000000e-06	3.674000000000000e+03
4.740000000000000e-06	3.709000000000000e+03
4.750000000000000e-06	3.543000000000000e+03
4.760000000000000e-06	3.188000000000000e+03
4.770000000000000e-06	3.040000000000000e+03
4.780000000000000e-06	3.060000000000000e+03
4.790000000000000e-06	3.092000000000000e+03
4.800000000000000e-06	3.292000000000000e+03
4.810000000000000e-06	3.496000000000000e+03
4.820000000000000e-06	3.534000000000000e+03
4.830000000000000e-06	3.579000000000000e+03
4.840000000000000e-06	3.544000000000000e+03
4.850000000000000e-06	3.244000000000000e+03
4.860000000000000e-06	3.035000000000000e+03
4.870000000000000e-06	3.133000000000000e+03
4.880000000000000e-06	3.019000000000000e+03
4.890000000000000e-06	3.245000000000000e+03
4.900000000000000e-06	3.337000000000000e+03
4.910000000000000e-06	3.511000000000000e+03
4.920000000000000e-06	3.642000000000000e+03
4.930000000000000e-06	3.551000000000000e+03
4.940000000000000e-06	3.137000000000000e+03
4.950000000000000e-06	3.106000000000000e+03
4.960000000000000e-06	3.161000000000000e+03
4.970000000000000e-06	3.051000000000000e+03
4.980000000000000e-06	3.074000000000000e+03
4.990000000000000e-06	3.497000000000000e+03
5.000000000000000e-06	3.494000000000000e+03
5.010000000000000e-06	3.502000000000000e+03
5.020000000000000e-06	3.507000000000000e+03
5.030000000000000e-06	3.516000000000000e+03
5.040000000000000e-06	3.229000000000000e+03
5.050000000000000e-06	3.083000000000000e+03
5.060000000000000e-06	3.069000000000000e+03
5.070000000000000e-06	3.108000000000000e+03
5.080000000000000e-06	3.339000000000000e+03
5.090000000000000e-06	3.503000000000000e+03
5.100000000000000e-06	3.522000000000000e+03
5.110000000000000e-06	3.530000000000000e+03
5.120000000000000e-06	3.449000000000000e+03
5.130000000000000e-06	3.145000000000000e+03
5.140000000000000e-06	3.048000000000000e+03
5.150000000000000e-06	2.996000000000000e+03
5.160000000000000e-06	3.115000000000000e+03
5.170000000000000e-06	3.160000000000000e+03
5.180000000000000e-06	3.503000000000000e+03
5.190000000000000e-06	3.769000000000000e+03
5.200000000000000e-06	3.585000000000000e+03
5.210000000000000e-06	3.413000000000000e+03
5.220000000000000e-06	3.230000000000000e+03
5.230000000000000e-06	3.048000000000000e+03
5.240000000000000e-06	3.168000000000000e+03
5.250000000000000e-06	3.045000000000000e+03
5.260000000000000e-06	3.335000000000000e+03
5.270000000000000e-06	3.576000000000000e+03
5.280000000000000e-06	3.693000000000000e+03
5.290000000000000e-06	3.574000000000000e+03
5.300000000000000e-06	3.503000000000000e+03
5.310000000000000e-06	3.401000000000000e+03
5.320000000000000e-06	2.969000000000000e+03
5.330000000000000e-06	2.966000000000000e+03
5.340000000000000e-06	3.290000000000000e+03
5.350000000000000e-06	3.153000000000000e+03
5.360000000000000e-06	3.454000000000000e+03
5.370000000000000e-06	3.645000000000000e+03
5.380000000000000e-06	3.575000000000000e+03
5.390000000000000e-06	3.565000000000000e+03
5.400000000000000e-06	3.308000000000000e+03
5.410000000000000e-06	3.040000000000000e+03
5.420000000000000e-06	3.093000000000000e+03
5.430000000000000e-06	2.944000000000000e+03
5.440000000000000e-06	3.272000000000000e+03
5.450000000000000e-06	3.406000000000000e+03
5.460000000000000e-06	3.484000000000000e+03
5.470000000000000e-06	3.623000000000000e+03
5.480000000000000e-06	3.535000000000000e+03
5.490000000000000e-06	3.226000000000000e+03
5.500000000000000e-06	3.206000000000000e+03
5.510000000000000e-06	3.026000000000000e+03
5.520000000000000e-06	2.943000000000000e+03
5.530000000000000e-06	3.142000000000000e+03
5.540000000000000e-06	3.526000000000000e+03
5.550000000000000e-06	3.533000000000000e+03
5.560000000000000e-06	3.666000000000000e+03
5.570000000000000e-06	3.633000000000000e+03
5.580000000000000e-06	3.338000000000000e+03
5.590000000000000e-06	3.170000000000000e+03
5.600000000000000e-06	3.133000000000000e+03
5.610000000000000e-06	2.972000000000000e+03
5.620000000000000e-06	3.043000000000000e+03
5.630000000000000e-06	3.175000000000000e+03
5.640000000000000e-06	3.597000000000000e+03
5.650000000000000e-06	3.545000000000000e+03
5.660000000000000e-06	3.561000000000000e+03
5.670000000000000e-06	3.340000000000000e+03
5.680000000000000e-06	3.171000000000000e+03
5.690000000000000e-06	3.102000000000000e+03
5.700000000000000e-06	3.013000000000000e+03
5.710000000000000e-06	3.044000000000000e+03
5.720000000000000e-06	3.288000000000000e+03
5.730000000000000e-06	3.487000000000000e+03
5.740000000000000e-06	3.529000000000000e+03
5.750000000000000e-06	3.633000000000000e+03
5.760000000000000e-06	3.423000000000000e+03
5.770000000000000e-06	3.118000000000000e+03
5.780000000000000e-06	3.160000000000000e+03
5.790000000000000e-06	3.003000000000000e+03
5.800000000000000e-06	3.057000000000000e+03
5.810000000000000e-06	3.200000000000000e+03
5.820000000000000e-06	3.516000000000000e+03
5.830000000000000e-06	3.739000000000000e+03
5.840000000000000e-06	3.514000000000000e+03
5.850000000000000e-06	3.412000000000000e+03
5.860000000000000e-06	3.211000000000000e+03
5.870000000000000e-06	3.016000000000000e+03
5.880000000000000e-06	3.037000000000000e+03
5.890000000000000e-06	3.066000000000000e+03
5.900000000000000e-06	3.101000000000000e+03
5.910000000000000e-06	3.293000000000000e+03
5.920000000000000e-06	3.524000000000000e+03
5.930000000000000e-06	3.511000000000000e+03
5.940000000000000e-06	3.562000000000000e+03
5.950000000000000e-06	3.389000000000000e+03
5.960000000000000e-06	3.158000000000000e+03
5.970000000000000e-06	2.990000000000000e+03
5.980000000000000e-06	3.023000000000000e+03
5.990000000000000e-06	3.192000000000000e+03
6.000000000000000e-06	3.349000000000000e+03
